
## Performing Inductor Sweep With Following Parameters:
## Geometry:
##	Square spiral on metal 5 and exit_metal = 4
##	Lmin = 150.000000 Linc = 10.000000 Lmax = 210.000000
##	Wmin = 10.000000 Winc = 1.000000 Wmax = 10.000000
##	Smin = 1.000000 Sinc = 1.000000 Smax = 1.000000
## Electrical Constraints:
##	freq = 10.000000, Lmin = 1.000000, Lmax = 2.000000, Qmin = 7.000000
!# Technolog File Data <gpdk180.tek> @ <.>
!# Auto-Cell Mode:  <alpha> = 0.050000, <beta> = 0.800000
!# Metal Layers
!# Name=M1        Met=0  Lyr=  1  Mz=14.90  T=0.50  RS=0.10  Col=BLUE    
!# Name=M2        Met=1  Lyr=  1  Mz=13.90  T=0.50  RS=0.10  Col=PURPLE  
!# Name=M3        Met=2  Lyr=  1  Mz=12.90  T=0.50  RS=0.10  Col=RED     
!# Name=M4        Met=3  Lyr=  1  Mz=11.40  T=1.00  RS=0.05  Col=BLUE    
!# Name=M5        Met=4  Lyr=  1  Mz=9.40  T=1.00  RS=0.05  Col=GREEN   
!# Name=M6        Met=5  Lyr=  1  Mz=6.40  T=2.00  RS=0.03  Col=WHITE   
!# Substrate Layers
!# Lyr=    0  Eps=  12  Rho=1e+05  DZ=3.2e+02  T=3e+02
!# Lyr=    1  Eps= 3.9  Rho=1e+14  DZ=  15  T=  15
##Len   W       S       N       L      R      C1      C2      R1      R2      Q1      Q2      Qdiff
150.00 10.00  1.00  2.00  1.05  3.20   23.68   21.66  319.02  391.21 10.61 10.83 14.27
150.00 10.00  1.00  2.25  1.28  3.21   24.52   22.21  316.17  401.22 10.14 10.42 14.86
150.00 10.00  1.00  2.50  1.46  3.34   25.44   22.65  311.59  411.06  9.30  9.68 14.47
150.00 10.00  1.00  2.75  1.60  3.52   26.42   23.14  307.06  420.15  8.45  8.92 13.76
150.00 10.00  1.00  3.00  1.76  3.69   27.13   23.69  304.73  426.44  7.71  8.19 13.06
150.00 10.00  1.00  3.25  1.95  3.52   27.75   24.01  302.38  434.64  7.12  7.66 12.81
160.00 10.00  1.00  2.00  1.17  3.16   25.32   23.30  304.26  368.50 10.19 10.42 14.52
160.00 10.00  1.00  2.25  1.42  2.99   26.23   23.91  301.58  377.33  9.55  9.85 15.08
160.00 10.00  1.00  2.50  1.63  2.95   27.23   24.43  297.44  385.88  8.63  9.03 14.65
160.00 10.00  1.00  2.75  1.80  2.95   28.29   25.01  293.29  393.69  7.74  8.23 13.89
170.00 10.00  1.00  1.75  1.10  2.89   25.70   23.87  294.20  344.17 10.69 10.92 15.12
170.00 10.00  1.00  2.00  1.29  3.04   26.95   24.94  291.13  348.64  9.68  9.92 14.68
170.00 10.00  1.00  2.25  1.58  2.65   27.93   25.61  288.62  356.49  8.90  9.21 15.19
170.00 10.00  1.00  2.50  1.81  2.38   29.00   26.20  284.84  363.98  7.90  8.32 14.69
180.00 10.00  1.00  1.75  1.19  2.80   27.22   25.39  282.36  327.35 10.23 10.48 15.29
180.00 10.00  1.00  2.00  1.41  2.83   28.58   26.57  279.40  331.17  9.11  9.36 14.76
180.00 10.00  1.00  2.25  1.73  2.16   29.62   27.30  277.03  338.18  8.20  8.52 15.19
190.00 10.00  1.00  1.50  1.07  2.61   27.02   25.65  276.40  307.00 10.95 11.14 15.77
190.00 10.00  1.00  1.75  1.30  2.64   28.73   26.91  271.72  312.44  9.72  9.98 15.40
190.00 10.00  1.00  2.00  1.54  2.53   30.20   28.19  268.87  315.71  8.50  8.77 14.76
190.00 10.00  1.00  2.25  1.90  1.51   31.30   28.99  266.64  321.99  7.49  7.81 15.09
200.00 10.00  1.00  1.50  1.15  2.52   28.42   27.06  266.51  294.37 10.52 10.72 15.90
200.00 10.00  1.00  1.75  1.40  2.42   30.22   28.42  262.15  299.16  9.18  9.44 15.44
200.00 10.00  1.00  2.00  1.67  2.12   31.81   29.82  259.39  301.96  7.88  8.15 14.68
210.00 10.00  1.00  1.50  1.23  2.39   29.80   28.46  257.58  283.05 10.06 10.26 15.99
210.00 10.00  1.00  1.75  1.51  2.13   31.72   29.92  253.50  287.29  8.62  8.88 15.43
210.00 10.00  1.00  2.00  1.80  1.59   33.42   31.43  250.84  289.67  7.25  7.52 14.53