
## Performing Inductor Sweep With Following Parameters:
## Geometry:
##	Square spiral on metal 5 and exit_metal = 4
##	Lmin = 150.000000 Linc = 10.000000 Lmax = 210.000000
##	Wmin = 11.000000 Winc = 1.000000 Wmax = 11.000000
##	Smin = 1.000000 Sinc = 1.000000 Smax = 1.000000
## Electrical Constraints:
##	freq = 10.000000, Lmin = 0.800000, Lmax = 2.000000, Qmin = 7.000000
!# Technolog File Data <gpdk180.tek> @ <.>
!# Auto-Cell Mode:  <alpha> = 0.050000, <beta> = 0.800000
!# Metal Layers
!# Name=M1        Met=0  Lyr=  1  Mz=14.90  T=0.50  RS=0.10  Col=BLUE    
!# Name=M2        Met=1  Lyr=  1  Mz=13.90  T=0.50  RS=0.10  Col=PURPLE  
!# Name=M3        Met=2  Lyr=  1  Mz=12.90  T=0.50  RS=0.10  Col=RED     
!# Name=M4        Met=3  Lyr=  1  Mz=11.40  T=1.00  RS=0.05  Col=BLUE    
!# Name=M5        Met=4  Lyr=  1  Mz=9.40  T=1.00  RS=0.05  Col=GREEN   
!# Name=M6        Met=5  Lyr=  1  Mz=6.40  T=2.00  RS=0.03  Col=WHITE   
!# Substrate Layers
!# Lyr=    0  Eps=  12  Rho=1e+05  DZ=3.2e+02  T=3e+02
!# Lyr=    1  Eps= 3.9  Rho=1e+14  DZ=  15  T=  15
##Len   W       S       N       L      R      C1      C2      R1      R2      Q1      Q2      Qdiff
150.00 11.00  1.00  1.75  0.86  2.65   23.30   21.24  320.53  390.10 11.76 11.99 15.13
150.00 11.00  1.00  2.00  1.00  2.93   24.34   22.13  317.35  396.31 10.92 11.15 14.71
150.00 11.00  1.00  2.25  1.21  2.96   25.18   22.69  314.62  406.36 10.39 10.69 15.20
150.00 11.00  1.00  2.50  1.36  3.15   26.13   23.09  309.61  417.14  9.49  9.90 14.63
150.00 11.00  1.00  2.75  1.48  3.40   27.12   23.55  304.76  427.20  8.62  9.12 13.78
150.00 11.00  1.00  3.00  1.62  3.66   27.80   24.09  302.49  433.74  7.87  8.37 12.99
150.00 11.00  1.00  3.25  1.79  3.65   28.38   24.40  300.35  441.80  7.29  7.84 12.64
160.00 11.00  1.00  1.50  0.80  2.39   23.42   21.88  312.00  358.79 12.42 12.60 15.84
160.00 11.00  1.00  1.75  0.95  2.65   24.88   22.83  305.79  367.58 11.44 11.69 15.47
160.00 11.00  1.00  2.00  1.11  2.88   26.03   23.83  302.67  372.87 10.47 10.73 14.99
160.00 11.00  1.00  2.25  1.35  2.75   26.95   24.45  300.08  381.76  9.80 10.11 15.46
160.00 11.00  1.00  2.50  1.53  2.79   27.98   24.93  295.53  391.12  8.83  9.26 14.86
160.00 11.00  1.00  2.75  1.68  2.89   29.07   25.48  291.07  399.78  7.91  8.45 13.97
160.00 11.00  1.00  3.00  1.84  2.98   29.85   26.12  288.82  405.48  7.13  7.65 13.09
170.00 11.00  1.00  1.50  0.88  2.40   24.89   23.36  298.37  340.28 12.12 12.31 16.13
170.00 11.00  1.00  1.75  1.05  2.61   26.46   24.42  292.65  347.90 11.02 11.29 15.73
170.00 11.00  1.00  2.00  1.22  2.76   27.73   25.52  289.62  352.42  9.94 10.21 15.17
170.00 11.00  1.00  2.25  1.49  2.42   28.71   26.21  287.15  360.32  9.12  9.45 15.59
170.00 11.00  1.00  2.50  1.71  2.26   29.82   26.77  282.99  368.51  8.09  8.54 14.93
170.00 11.00  1.00  2.75  1.88  2.15   31.01   27.42  278.87  376.00  7.15  7.70 13.97
180.00 11.00  1.00  1.50  0.96  2.38   26.36   24.83  286.18  323.94 11.75 11.96 16.37
180.00 11.00  1.00  1.75  1.14  2.51   28.03   25.99  280.88  330.59 10.53 10.82 15.92
180.00 11.00  1.00  2.00  1.34  2.56   29.41   27.21  277.94  334.44  9.35  9.63 15.25
180.00 11.00  1.00  2.25  1.64  1.96   30.46   27.96  275.60  341.49  8.40  8.75 15.60
180.00 11.00  1.00  2.50  1.89  1.52   31.65   28.60  271.77  348.70  7.33  7.79 14.86
190.00 11.00  1.00  1.50  1.03  2.32   27.81   26.29  275.25  309.44 11.33 11.54 16.55
190.00 11.00  1.00  1.75  1.24  2.35   29.59   27.56  270.32  315.26  9.99 10.29 16.03
190.00 11.00  1.00  2.00  1.47  2.26   31.09   28.89  267.47  318.56  8.72  9.01 15.25
190.00 11.00  1.00  2.25  1.80  1.33   32.20   29.71  265.24  324.87  7.67  8.02 15.50
200.00 11.00  1.00  1.25  0.85  2.24   27.50   26.46  269.88  289.12 11.93 12.09 16.14
200.00 11.00  1.00  1.50  1.11  2.22   29.25   27.74  265.41  296.51 10.86 11.08 16.69
200.00 11.00  1.00  1.75  1.35  2.13   31.14   29.12  260.81  301.63  9.42  9.72 16.08
200.00 11.00  1.00  2.00  1.60  1.86   32.76   30.57  258.04  304.43  8.07  8.36 15.16
210.00 11.00  1.00  1.25  0.90  2.22   28.84   27.81  260.64  278.27 11.60 11.76 16.29
210.00 11.00  1.00  1.50  1.19  2.08   30.68   29.18  256.53  284.93 10.37 10.59 16.77
210.00 11.00  1.00  1.75  1.45  1.83   32.68   30.68  252.21  289.45  8.83  9.13 16.06
210.00 11.00  1.00  2.00  1.73  1.33   34.42   32.24  249.53  291.83  7.42  7.71 15.00