
## Performing Inductor Sweep With Following Parameters:
## Geometry:
##	Square spiral on metal 5 and exit_metal = 4
##	Lmin = 150.000000 Linc = 5.000000 Lmax = 200.000000
##	Wmin = 12.000000 Winc = 1.000000 Wmax = 12.000000
##	Smin = 1.000000 Sinc = 1.000000 Smax = 1.000000
## Electrical Constraints:
##	freq = 10.000000, Lmin = 0.500000, Lmax = 2.000000, Qmin = 7.000000
!# Technolog File Data <gpdk180.tek> @ <.>
!# Auto-Cell Mode:  <alpha> = 0.050000, <beta> = 0.800000
!# Metal Layers
!# Name=M1        Met=0  Lyr=  1  Mz=14.90  T=0.50  RS=0.10  Col=BLUE    
!# Name=M2        Met=1  Lyr=  1  Mz=13.90  T=0.50  RS=0.10  Col=PURPLE  
!# Name=M3        Met=2  Lyr=  1  Mz=12.90  T=0.50  RS=0.10  Col=RED     
!# Name=M4        Met=3  Lyr=  1  Mz=11.40  T=1.00  RS=0.05  Col=BLUE    
!# Name=M5        Met=4  Lyr=  1  Mz=9.40  T=1.00  RS=0.05  Col=GREEN   
!# Name=M6        Met=5  Lyr=  1  Mz=6.40  T=2.00  RS=0.03  Col=WHITE   
!# Substrate Layers
!# Lyr=    0  Eps=  12  Rho=1e+05  DZ=3.2e+02  T=3e+02
!# Lyr=    1  Eps= 3.9  Rho=1e+14  DZ=  15  T=  15
##Len   W       S       N       L      R      C1      C2      R1      R2      Q1      Q2      Qdiff
150.00 12.00  1.00  1.25  0.56  1.91   21.18   19.98  334.26  369.65 13.31 13.45 15.47
150.00 12.00  1.00  1.50  0.70  2.19   22.52   20.81  326.58  383.37 12.93 13.12 15.92
150.00 12.00  1.00  1.75  0.82  2.47   23.91   21.68  319.55  393.80 11.97 12.23 15.42
150.00 12.00  1.00  2.00  0.94  2.75   24.96   22.54  316.20  400.69 11.09 11.35 14.92
150.00 12.00  1.00  2.25  1.14  2.81   25.80   23.09  313.19  411.49 10.54 10.86 15.32
150.00 12.00  1.00  2.50  1.27  3.05   26.76   23.47  307.94  422.89  9.59 10.03 14.57
150.00 12.00  1.00  2.75  1.37  3.38   27.75   23.92  302.99  433.35  8.70  9.22 13.59
150.00 12.00  1.00  3.00  1.49  3.71   28.39   24.43  300.70  440.38  7.97  8.48 12.75
150.00 12.00  1.00  3.25  1.63  3.85   28.94   24.72  298.59  448.65  7.39  7.95 12.31
155.00 12.00  1.00  1.25  0.58  1.95   21.89   20.69  325.93  359.39 13.28 13.42 15.65
155.00 12.00  1.00  1.50  0.74  2.21   23.28   21.57  318.68  372.22 12.83 13.03 16.12
155.00 12.00  1.00  1.75  0.86  2.48   24.73   22.50  311.95  381.91 11.82 12.10 15.63
155.00 12.00  1.00  2.00  1.00  2.73   25.84   23.42  308.63  388.27 10.89 11.16 15.10
155.00 12.00  1.00  2.25  1.21  2.72   26.72   24.01  305.69  398.41 10.26 10.60 15.49
155.00 12.00  1.00  2.50  1.35  2.91   27.72   24.42  300.69  409.03  9.29  9.74 14.74
155.00 12.00  1.00  2.75  1.47  3.17   28.76   24.92  295.93  418.75  8.38  8.93 13.75
155.00 12.00  1.00  3.00  1.59  3.44   29.46   25.47  293.63  425.36  7.63  8.16 12.87
155.00 12.00  1.00  3.25  1.75  3.47   30.05   25.78  291.45  433.34  7.03  7.62 12.43
160.00 12.00  1.00  1.25  0.61  1.98   22.61   21.40  318.12  349.79 13.23 13.38 15.82
160.00 12.00  1.00  1.50  0.78  2.22   24.04   22.34  311.27  361.79 12.71 12.92 16.31
160.00 12.00  1.00  1.75  0.91  2.47   25.55   23.32  304.82  370.75 11.65 11.93 15.81
160.00 12.00  1.00  2.00  1.05  2.69   26.71   24.30  301.54  376.64 10.65 10.94 15.24
160.00 12.00  1.00  2.25  1.27  2.61   27.64   24.91  298.65  386.23  9.95 10.31 15.63
160.00 12.00  1.00  2.50  1.44  2.72   28.68   25.37  293.88  396.11  8.95  9.42 14.87
160.00 12.00  1.00  2.75  1.56  2.92   29.77   25.92  289.32  405.12  8.04  8.60 13.86
160.00 12.00  1.00  3.00  1.70  3.12   30.53   26.52  287.00  411.35  7.26  7.82 12.94
165.00 12.00  1.00  1.25  0.63  2.00   23.32   22.12  310.74  340.77 13.16 13.31 15.97
165.00 12.00  1.00  1.50  0.81  2.22   24.80   23.10  304.25  352.03 12.57 12.78 16.47
165.00 12.00  1.00  1.75  0.96  2.45   26.36   24.14  298.05  360.39 11.45 11.74 15.96
165.00 12.00  1.00  2.00  1.11  2.64   27.59   25.17  294.81  365.84 10.40 10.69 15.36
165.00 12.00  1.00  2.25  1.34  2.46   28.55   25.82  291.99  374.85  9.63  9.99 15.73
165.00 12.00  1.00  2.50  1.52  2.50   29.63   26.33  287.44  384.08  8.60  9.08 14.95
165.00 12.00  1.00  2.75  1.66  2.61   30.78   26.92  283.04  392.48  7.67  8.25 13.92
170.00 12.00  1.00  1.25  0.66  2.02   24.02   22.83  303.81  332.31 13.07 13.23 16.12
170.00 12.00  1.00  1.50  0.85  2.22   25.56   23.86  297.65  342.88 12.40 12.62 16.63
170.00 12.00  1.00  1.75  1.00  2.42   27.18   24.95  291.70  350.64 11.23 11.53 16.10
170.00 12.00  1.00  2.00  1.17  2.57   28.46   26.05  288.50  355.68 10.12 10.43 15.45
170.00 12.00  1.00  2.25  1.42  2.29   29.46   26.73  285.72  364.21  9.28  9.65 15.80
170.00 12.00  1.00  2.50  1.61  2.23   30.58   27.27  281.37  372.84  8.23  8.72 14.99
170.00 12.00  1.00  2.75  1.76  2.25   31.78   27.92  277.14  380.64  7.29  7.88 13.93
175.00 12.00  1.00  1.25  0.69  2.04   24.73   23.53  297.23  324.34 12.97 13.13 16.25
175.00 12.00  1.00  1.50  0.89  2.21   26.31   24.62  291.37  334.29 12.22 12.45 16.76
175.00 12.00  1.00  1.75  1.05  2.37   27.99   25.77  285.65  341.55 10.99 11.30 16.22
175.00 12.00  1.00  2.00  1.22  2.48   29.33   26.92  282.48  346.22  9.83 10.14 15.52
175.00 12.00  1.00  2.25  1.49  2.09   30.37   27.63  279.79  354.24  8.92  9.30 15.83
175.00 12.00  1.00  2.50  1.69  1.91   31.53   28.22  275.61  362.33  7.85  8.35 15.00
180.00 12.00  1.00  1.25  0.71  2.05   25.44   24.24  291.05  316.83 12.85 13.02 16.38
180.00 12.00  1.00  1.50  0.92  2.19   27.06   25.38  285.47  326.21 12.02 12.25 16.88
180.00 12.00  1.00  1.75  1.10  2.32   28.79   26.58  279.96  332.96 10.73 11.05 16.31
180.00 12.00  1.00  2.00  1.28  2.37   30.20   27.79  276.84  337.27  9.52  9.84 15.56
180.00 12.00  1.00  2.25  1.56  1.85   31.27   28.54  274.19  344.89  8.55  8.94 15.84
180.00 12.00  1.00  2.50  1.78  1.54   32.48   29.17  270.19  352.47  7.47  7.97 14.96
185.00 12.00  1.00  1.25  0.74  2.06   26.14   24.95  285.17  309.75 12.72 12.90 16.49
185.00 12.00  1.00  1.50  0.96  2.16   27.81   26.13  279.84  318.60 11.80 12.04 16.99
185.00 12.00  1.00  1.75  1.15  2.24   29.60   27.39  274.52  324.93 10.46 10.78 16.39
185.00 12.00  1.00  2.00  1.34  2.24   31.07   28.66  271.44  328.93  9.20  9.52 15.58
185.00 12.00  1.00  2.25  1.64  1.57   32.17   29.44  268.87  336.11  8.18  8.57 15.81
185.00 12.00  1.00  2.50  1.87  1.12   33.42   30.11  265.02  343.24  7.08  7.58 14.89
190.00 12.00  1.00  1.25  0.77  2.06   26.84   25.65  279.63  303.06 12.58 12.76 16.60
190.00 12.00  1.00  1.50  1.00  2.13   28.56   26.88  274.54  311.42 11.58 11.82 17.09
190.00 12.00  1.00  1.75  1.19  2.16   30.40   28.20  269.41  317.32 10.18 10.51 16.44
190.00 12.00  1.00  2.00  1.40  2.08   31.93   29.53  266.37  321.01  8.87  9.20 15.57
190.00 12.00  1.00  2.25  1.72  1.25   33.07   30.34  263.85  327.84  7.81  8.20 15.76
195.00 12.00  1.00  1.00  0.50  1.97   26.32   24.80  273.32  289.89 11.68 11.88 13.65
195.00 12.00  1.00  1.25  0.80  2.06   27.54   26.35  274.34  296.74 12.43 12.61 16.70
195.00 12.00  1.00  1.50  1.04  2.08   29.30   27.63  269.48  304.65 11.34 11.58 17.17
195.00 12.00  1.00  1.75  1.24  2.05   31.20   29.01  264.51  310.20  9.89 10.22 16.48
195.00 12.00  1.00  2.00  1.46  1.90   32.79   30.40  261.52  313.62  8.54  8.87 15.54
195.00 12.00  1.00  2.25  1.79  0.88   33.97   31.24  259.07  320.06  7.44  7.83 15.67
200.00 12.00  1.00  1.00  0.52  2.00   26.97   25.46  268.40  284.20 11.63 11.84 13.73
200.00 12.00  1.00  1.25  0.82  2.05   28.23   27.05  269.36  290.75 12.26 12.44 16.79
200.00 12.00  1.00  1.50  1.08  2.02   30.04   28.38  264.71  298.24 11.09 11.34 17.23
200.00 12.00  1.00  1.75  1.29  1.93   32.00   29.81  259.91  303.41  9.59  9.92 16.50
200.00 12.00  1.00  2.00  1.53  1.69   33.65   31.26  256.96  306.57  8.21  8.54 15.49
200.00 12.00  1.00  2.25  1.87  0.47   34.86   32.13  254.55  312.71  7.07  7.46 15.57