
## Performing Inductor Sweep With Following Parameters:
## Geometry:
##	Square spiral on metal 5 and exit_metal = 4
##	Lmin = 50.000000 Linc = 5.000000 Lmax = 150.000000
##	Wmin = 15.000000 Winc = 1.000000 Wmax = 15.000000
##	Smin = 0.500000 Sinc = 1.000000 Smax = 0.500000
## Electrical Constraints:
##	freq = 10.000000, Lmin = 0.100000, Lmax = 0.400000, Qmin = 5.000000
!# Technolog File Data <gpdk180.tek> @ <.>
!# Auto-Cell Mode:  <alpha> = 0.050000, <beta> = 0.800000
!# Metal Layers
!# Name=M1        Met=0  Lyr=  1  Mz=14.90  T=0.50  RS=0.10  Col=BLUE    
!# Name=M2        Met=1  Lyr=  1  Mz=13.90  T=0.50  RS=0.10  Col=PURPLE  
!# Name=M3        Met=2  Lyr=  1  Mz=12.90  T=0.50  RS=0.10  Col=RED     
!# Name=M4        Met=3  Lyr=  1  Mz=11.40  T=1.00  RS=0.05  Col=BLUE    
!# Name=M5        Met=4  Lyr=  1  Mz=9.40  T=1.00  RS=0.05  Col=GREEN   
!# Name=M6        Met=5  Lyr=  1  Mz=6.40  T=2.00  RS=0.03  Col=WHITE   
!# Substrate Layers
!# Lyr=    0  Eps=  12  Rho=1e+05  DZ=3.2e+02  T=3e+02
!# Lyr=    1  Eps= 3.9  Rho=1e+14  DZ=  15  T=  15
##Len   W       S       N       L      R      C1      C2      R1      R2      Q1      Q2      Qdiff
 55.00 15.00  0.50  1.25  0.10  0.76    7.37    6.51  718.65  929.80  8.24  8.25  8.28
 60.00 15.00  0.50  1.25  0.12  0.80    8.21    7.24  677.47  865.75  9.20  9.20  9.27
 60.00 15.00  0.50  1.50  0.11  1.08    8.64    6.97  620.16  965.72  6.46  6.47  6.50
 65.00 15.00  0.50  1.00  0.10  0.69    9.26    7.59  618.44  774.63  9.03  9.05  9.10
 65.00 15.00  0.50  1.25  0.14  0.85    9.00    7.97  638.81  808.10 10.00 10.01 10.10
 65.00 15.00  0.50  1.50  0.14  1.12    9.52    7.70  587.32  899.94  7.53  7.55  7.60
 70.00 15.00  0.50  1.00  0.11  0.73   10.03    8.28  585.58  726.71  9.48  9.51  9.57
 70.00 15.00  0.50  1.25  0.16  0.90    9.87    8.73  603.92  758.95 10.69 10.71 10.84
 70.00 15.00  0.50  1.50  0.16  1.17   10.43    8.51  560.30  839.18  8.47  8.49  8.58
 70.00 15.00  0.50  1.75  0.14  1.44   10.89    8.48  529.26  907.39  5.96  5.98  6.02
 70.00 15.00  0.50  2.00  0.14  1.64   10.43    8.91  571.40  844.75  5.26  5.27  5.30
 75.00 15.00  0.50  1.00  0.12  0.78   10.79    9.00  557.63  681.78  9.89  9.92 10.01
 75.00 15.00  0.50  1.25  0.18  0.95   10.64    9.47  572.86  712.41 11.29 11.31 11.50
 75.00 15.00  0.50  1.50  0.19  1.22   11.28    9.30  533.79  784.39  9.29  9.32  9.46
 75.00 15.00  0.50  1.75  0.17  1.49   11.83    9.32  508.40  843.79  6.99  7.01  7.08
 75.00 15.00  0.50  2.00  0.17  1.71   11.60    9.60  528.28  823.92  6.24  6.25  6.32
 80.00 15.00  0.50  1.00  0.14  0.82   11.55    9.70  530.88  644.49 10.26 10.31 10.42
 80.00 15.00  0.50  1.25  0.20  1.00   11.51   10.24  544.34  673.62 11.83 11.86 12.10
 80.00 15.00  0.50  1.50  0.21  1.27   12.19   10.14  511.41  736.07 10.03 10.07 10.27
 80.00 15.00  0.50  1.75  0.20  1.55   12.78   10.19  489.66  785.73  7.89  7.92  8.05
 80.00 15.00  0.50  2.00  0.21  1.78   12.64   10.47  501.41  780.23  7.13  7.15  7.26
 80.00 15.00  0.50  2.25  0.21  2.33   12.46   10.83  517.32  760.48  5.60  5.61  5.69
 85.00 15.00  0.50  1.00  0.15  0.86   12.30   10.43  508.12  608.96 10.61 10.66 10.80
 85.00 15.00  0.50  1.25  0.22  1.05   12.26   11.00  519.52  635.78 12.29 12.33 12.64
 85.00 15.00  0.50  1.50  0.24  1.33   13.02   10.94  489.22  692.28 10.68 10.73 11.01
 85.00 15.00  0.50  1.75  0.24  1.61   13.71   11.05  469.71  738.38  8.69  8.74  8.93
 85.00 15.00  0.50  2.00  0.25  1.86   13.73   11.28  475.34  744.88  7.91  7.95  8.12
 85.00 15.00  0.50  2.25  0.26  2.35   13.66   11.62  484.71  738.74  6.67  6.69  6.83
 90.00 15.00  0.50  1.00  0.16  0.90   13.05   11.13  486.07  579.33 10.92 10.98 11.15
 90.00 15.00  0.50  1.25  0.24  1.10   13.14   11.77  496.05  604.85 12.71 12.76 13.16
 90.00 15.00  0.50  1.50  0.27  1.38   13.94   11.80  470.41  654.07 11.27 11.33 11.70
 90.00 15.00  0.50  1.75  0.27  1.67   14.65   11.94  453.35  692.37  9.41  9.47  9.75
 90.00 15.00  0.50  2.00  0.28  1.93   14.73   12.22  456.59  701.52  8.63  8.68  8.94
 90.00 15.00  0.50  2.25  0.31  2.40   14.78   12.49  460.66  707.59  7.56  7.59  7.83
 90.00 15.00  0.50  2.50  0.29  3.01   15.04   12.33  449.82  730.85  5.81  5.84  5.97
 95.00 15.00  0.50  1.00  0.18  0.95   13.79   11.87  467.24  550.71 11.20 11.27 11.49
 95.00 15.00  0.50  1.25  0.26  1.15   13.87   12.54  475.96  573.81 13.07 13.12 13.62
 95.00 15.00  0.50  1.50  0.30  1.44   14.74   12.61  451.72  618.88 11.77 11.84 12.33
 95.00 15.00  0.50  1.75  0.30  1.74   15.56   12.82  435.55  655.66 10.04 10.12 10.50
 95.00 15.00  0.50  2.00  0.32  2.01   15.77   13.08  436.40  668.76  9.26  9.32  9.69
 95.00 15.00  0.50  2.25  0.36  2.46   15.90   13.39  439.24  677.41  8.32  8.37  8.72
 95.00 15.00  0.50  2.50  0.35  3.07   16.19   13.26  428.05  703.11  6.61  6.66  6.88
100.00 15.00  0.50  1.00  0.19  0.99   14.54   12.57  448.80  526.69 11.46 11.54 11.80
100.00 15.00  0.50  1.25  0.28  1.20   14.76   13.32  456.36  548.83 13.39 13.46 14.07
100.00 15.00  0.50  1.50  0.32  1.49   15.67   13.47  435.76  588.32 12.22 12.32 12.93
100.00 15.00  0.50  1.75  0.34  1.79   16.50   13.72  421.64  618.55 10.60 10.70 11.21
100.00 15.00  0.50  2.00  0.36  2.08   16.76   14.05  421.41  631.50  9.82  9.90 10.41
100.00 15.00  0.50  2.75  0.37  3.77   17.59   14.31  405.94  682.74  5.63  5.67  5.86
100.00 15.00  0.50  3.00  0.36  4.20   17.08   14.74  426.31  649.07  5.03  5.05  5.21
105.00 15.00  0.50  1.00  0.20  1.03   15.27   13.31  432.99  503.21 11.70 11.79 12.10
105.00 15.00  0.50  1.25  0.30  1.25   15.46   14.09  439.82  523.07 13.65 13.73 14.45
105.00 15.00  0.50  1.50  0.35  1.54   16.44   14.28  419.89  559.67 12.58 12.69 13.46
105.00 15.00  0.50  1.75  0.37  1.85   17.40   14.60  406.00  589.47 11.06 11.18 11.85
110.00 15.00  0.50  1.00  0.22  1.07   16.02   14.02  417.36  483.39 11.91 12.01 12.38
110.00 15.00  0.50  1.25  0.33  1.29   16.36   14.87  423.23  502.61 13.89 13.99 14.85
110.00 15.00  0.50  1.50  0.38  1.58   17.38   15.15  406.22  534.84 12.92 13.05 14.00
115.00 15.00  0.50  1.00  0.23  1.11   16.74   14.76  403.92  463.84 12.10 12.21 12.64
115.00 15.00  0.50  1.25  0.35  1.33   17.04   15.64  409.39  480.95 14.07 14.16 15.18
120.00 15.00  0.50  1.00  0.25  1.15   17.49   15.46  390.51  447.23 12.27 12.39 12.89
120.00 15.00  0.50  1.25  0.37  1.37   17.94   16.42  395.16  463.96 14.24 14.36 15.54
125.00 15.00  0.50  1.00  0.26  1.18   18.20   16.20  378.94  430.71 12.42 12.55 13.12
125.00 15.00  0.50  1.25  0.39  1.42   18.61   17.19  383.43  445.53 14.34 14.46 15.81
130.00 15.00  0.50  1.00  0.27  1.22   18.95   16.91  367.33  416.60 12.55 12.69 13.34
135.00 15.00  0.50  1.00  0.29  1.26   19.66   17.65  357.27  402.48 12.66 12.82 13.55
140.00 15.00  0.50  1.00  0.30  1.29   20.40   18.35  347.12  390.37 12.75 12.92 13.75
145.00 15.00  0.50  1.00  0.32  1.33   21.11   19.09  338.30  378.18 12.83 13.01 13.94
150.00 15.00  0.50  1.00  0.33  1.36   21.84   19.79  329.37  367.68 12.89 13.08 14.11